((("sco" .
   [2 0 0])
  ("scp" .
   [1 0 0])
  ("Number" .
   [1 0 0 0 0 0])
  ("$scope" .
   [4 0 1 4 0 0])
  ("onButtonClick" .
   [0 0 2 0 1 0 0 0 0 0 0 0 0])
  ("value" .
   [8 0 0 0 1])
  ("targety" .
   [2 0 0 0 0 1 0])
  ("targetx" .
   [2 0 0 1 0 0 2])
  ("function" .
   [1 0 0 1 0 0 0 0])
  ("array" .
   [3 0 0 0 0])
  ("new" .
   [1 0 0])
  ("counter" .
   [8 0 0 0 0 1 0])
  ("var" .
   [5 0 0])
  ("ShowData" .
   [0 0 0 0 1 0 0 0])
  ("dlist" .
   [2 0 0 0 0])
  ("byte" .
   [2 0 0 0])
  ("public" .
   [2 0 0 0 0 0])
  ("../images/" .
   [0 0 0 0 0 0 0 0 2 0])
  ("/Users/YU/Movies/" .
   [1 0 0 0 0 0 0 0 0 0 0 0 0 0 0 0 0])
  ("/Users/YU/" .
   [0 0 0 0 0 0 0 1 0 0])
  ("/Users/" .
   [0 0 0 1 0 0 0])
  ("../build/" .
   [0 0 0 0 0 1 0 0 0])
  ("CLASSPATH" .
   [0 0 1 0 0 0 0 0 0])
  ("count2" .
   [2 0 0 0 0 0])
  ("expr" .
   [1 0 0 0])
  ("count" .
   [3 0 0 0 0])
  ("../example.jar" .
   [0 0 0 0 0 0 0 0 0 0 2 0 0 0])
  ("./output/aquarium0.log" .
   [0 0 0 0 0 0 0 0 0 0 0 0 0 1 0 0 0 0 0 0 0 0])
  ("end" .
   [6 0 0])
  ("begin" .
   [3 0 1 0 0])
  ("length" .
   [2 0 0 0 0 0])
  ("pivot" .
   [3 0 1 0 0])
  ("block_num" .
   [0 0 0 0 0 1 0 0 0])
  ("half_block_num" .
   [0 0 1 0 0 0 0 0 0 0 0 0 0 0])
  ("sorter" .
   [1 0 0 0 0 0])
  ("sort" .
   [1 0 0 0])
  ("20" .
   [2 0])
  ("index" .
   [3 0 0 1 0])
  ("ptr" .
   [2 0 0])
  ("10" .
   [3 0])
  ("/bin/" .
   [0 1 0 0 0])
  ("mozi" .
   [3 0 0 0])
  ("argvs" .
   [2 0 0 1 1])
  ("break" .
   [0 0 0 0 1])
  ("data.dae" .
   [1 0 0 0 0 0 0 0])
  ("with" .
   [1 0 0 0])
  ("ave.dae" .
   [1 0 0 0 0 0 0])
  ("command" .
   [1 0 0 0 0 0 0])
  ("ave.py" .
   [1 0 1 1 0 0])
  ("line" .
   [2 0 0 0])
  ("range" .
   [1 0 0 0 0])
  ("roop" .
   [2 0 0 0])
  ("while" .
   [1 0 0 0 0])
  ("cot" .
   [1 0 0])
  ("def" .
   [3 0 0])
  ("cnt" .
   [12 0 0])
  ("list" .
   [7 0 0 0])
  ("items" .
   [13 0 0 0 0])
  ("child_num" .
   [0 0 1 0 0 1 0 0 0])
  ("max" .
   [4 0 0])
  ("type_" .
   [1 0 0 0 0])
  ("size" .
   [3 0 0 0])
  ("linetitle" .
   [0 0 0 0 1 1 0 0 0])
  ("output" .
   [0 0 1 3 0 0])
  ("filename" .
   [0 0 0 1 2 0 0 0])
  ("set" .
   [5 0 0])
  ("java" .
   [1 0 0 0])
  ("wdata" .
   [2 0 0 0 0])
  ("NULL" .
   [1 0 0 0])
  ("strtok" .
   [1 0 0 0 1 0])
  ("atoi" .
   [1 0 0 1])
  ("numtable" .
   [0 0 1 1 0 0 0 0])
  ("nodetable" .
   [0 0 0 1 0 0 0 0 0])
  ("not" .
   [0 0 2])
  ("//Applications/" .
   [0 0 1 0 0 0 0 0 0 0 0 0 0 0 0])
  ("//bin/" .
   [0 0 1 0 0 0])
  ("fclose" .
   [0 0 1 0 0 0])
  ("fopen" .
   [0 0 0 1 0])
  ("data" .
   [10 0 0 0])
  ("else" .
   [1 0 0 0])
  ("fp" .
   [2 0])
  ("argv" .
   [1 0 1 1])
  ("for" .
   [11 0 0])
  ("return" .
   [5 0 0 1 1 0])
  ("argc" .
   [5 0 0 0])
  ("if" .
   [17 0])
  ("char" .
   [2 1 0 0])
  ("include" .
   [1 0 0 0 0 0 0])
  ("printf" .
   [1 0 0 2 0 2])
  ("declare" .
   [1 1 2 0 0 0 1])
  ("union" .
   [3 0 0 0 0])
  ("UNION" .
   [0 0 0 1 0])
  ("NAME" .
   [2 0 0 1])
  ("struct" .
   [1 0 0 0 0 0])
  ("declares" .
   [1 0 2 0 0 0 0 0])
  ("int" .
   [28 0 0])
  ("INT" .
   [1 0 0])
  ("EPS" .
   [1 0 0])
  ("echo" .
   [5 0 0 0])
  ("dot" .
   [1 0 0])
  ("./topology/" .
   [0 0 0 1 3 0 0 0 0 0 0])
  ("./topology/tree.dot" .
   [0 0 0 0 0 0 0 0 0 0 0 1 1 1 0 1 0 0 0])
  ("open" .
   [3 0 0 0])
  ("./topology/tree.png" .
   [2 0 0 0 0 0 0 0 0 0 0 0 0 0 0 0 0 0 0])
  ("alias" .
   [2 0 0 0 0])
  ("20000" .
   [1 0 0 0 0])
  ("bin" .
   [1 0 0])
  ("import" .
   [2 0 0 0 0 0])
  ("global" .
   [0 0 0 0 1 0])
  ("file" .
   [5 0 0 0])
  ("in" .
   [2 0])
  ("glob" .
   [4 0 0 0])
  ("print" .
   [11 0 0 0 0])
  ("total" .
   [2 0 0 0 0])
  ("addnum" .
   [3 0 0 0 0 0])
  ("float" .
   [2 0 0 0 0])
  ("is" .
   [1 0])
  ("str" .
   [10 0 0])
  ("string" .
   [5 0 0 0 0 0])
  ("isdigit" .
   [0 0 0 2 0 0 0])
  ("target" .
   [0 0 0 1 0 0])
  ("cpu" .
   [1 0 0])
  ("len" .
   [1 0 0])
  ("l" .
   [1])
  ("num" .
   [1 0 0])
  ("h" .
   [1])
  ("block" .
   [2 0 0 0 0])
  ("b" .
   [2])
  ("last_block_num" .
   [1 0 1 0 0 0 0 0 0 0 0 0 0 0])
  ("sort_count" .
   [0 0 0 1 0 0 0 0 0 0])
  ("1" .
   [2])
  ("show" .
   [1 0 0 0])
  ("s" .
   [1])
  ("show_data" .
   [0 0 0 2 1 0 0 0 0])
  ("extern" .
   [0 0 0 1 1 0])
  ("void" .
   [2 0 0 0])
  ("info" .
   [2 0 0 0])
  ("2.3.0" .
   [1 0 0 0 0])
  ("CLIENT_JVMFLAGS" .
   [0 0 0 0 0 0 1 0 0 0 0 0 0 0 0])
  ("JVMFLAGS" .
   [0 0 0 0 1 0 0 0])
  ("fatal" .
   [2 0 0 1 0])
  ("../Alice/" .
   [0 0 0 1 1 0 0 0 1])
  ("../Alice/Alice.jar" .
   [0 0 0 0 0 0 0 0 0 2 0 0 0 0 0 0 0 0])
  ("../Alice.jar" .
   [0 0 0 0 0 0 0 0 0 0 1 0])
  ("jar" .
   [2 0 0])
  ("../build/libs/" .
   [0 0 0 0 0 1 0 1 0 1 0 1 0 1])
  ("../build/libs/Alice-Gradle-Convert-1.0.jar" .
   [0 0 0 0 0 0 0 0 0 0 0 0 0 0 2 0 0 0 0 0 0 0 0 0 0 0 0 0 0 0 0 0 0 0 0 0 0 0 0 0 0 0])
  ("../build/libs/Alice.jar" .
   [0 0 0 0 0 0 0 0 0 0 0 0 0 0 3 0 0 0 0 0 0 0 0])
  ("jar_path" .
   [0 0 0 1 1 0 0 0])
  ("export" .
   [1 0 0 0 0 0])
  ("CreateFish" .
   [1 0 0 0 0 0 0 0 0 0])
  ("MyService2" .
   [2 0 0 0 0 0 0 0 0 0])))
